Pelvis (19)
	Chest (12)
		LeftArm (2)
			LeftForearm (1)
				LeftHand (0)
		RightArm (5)
			RightForearm (4)
				RightHand (3)
		Head (8)
			Bang (6)
			Ponytail (7)
		Pad (9)
		IKRightHand (10)
		IKLeftHand (11)
	LeftLeg (15)
		LeftFemur (14)
			LeftFoot (13)
	RightLeg (18)
		RightFemur (17)
			RightFoot (16)



Inv bind matrices: 
Joint 0: Pelvis: 1, 0, 2.384185791015625e-7, 0, 0, 1, 0, 0, -2.384185791015625e-7, 0, 1, 0, -8.532495598956302e-7, -77.25270080566406, 3.5787880420684814, 1
Joint 1: Chest: 1, 0, 2.3841856489070778e-7, 0, 0, 1.0000001192092896, 0, 0, -2.3841856489070778e-7, 0, 1, 0, -8.532495030522114e-7, -100.62456512451172, 3.5787880420684814, 1
Joint 2: LeftArm: 0.03137816861271858, 0.9939305186271667, 0.10544062405824661, 0, -0.1635943055152893, -0.09896278381347656, 0.9815516471862793, 0, 0.9860285520553589, -0.04804881289601326, 0.15949608385562897, 0, 27.90201759338379, -10.539709091186523, -140.81619262695312, 1
Joint 3: LeftForearm: -0.04415697231888771, 0.9980711936950684, -0.0436391681432724, 0, -0.0805332213640213, 0.03998343273997307, 0.9959498643875122, 0, 0.9957733750343323, 0.04749247059226036, 0.07861234247684479, 0, 19.80575180053711, -50.704105377197266, -136.5725555419922, 1
Joint 4: LeftHand: 4.959293775641527e-8, 1.0000001192092896, 5.327166832103103e-7, 0, 7.450555283838867e-9, -5.364419735087722e-7, 1.000000238418579, 0, 1, -9.778889875633467e-8, 2.235169382913682e-8, 0, 5.467102527618408, -68.86016845703125, -140.57675170898438, 1
Joint 5: RightArm: 0.09119921177625656, -0.9908651113510132, -0.09934477508068085, 0, 0.16693322360515594, -0.08313725888729095, 0.9824570417404175, 0, -0.9817414879798889, -0.10618331283330917, 0.15782617032527924, 0, -26.9012451171875, -12.897379875183105, -140.79136657714844, 1
Joint 6: RightForearm: -0.09794262051582336, -0.9946187734603882, 0.033780232071876526, 0, 0.08041501045227051, 0.025922866538167, 0.9964244961738586, 0, -0.991938054561615, 0.10030879825353622, 0.07744324207305908, 0, -23.457820892333984, -47.99895477294922, -137.3311309814453, 1
Joint 7: RightHand: -1.3271367116374222e-8, -1.0000001192092896, 4.2095786056961515e-7, 0, -4.4703490686970326e-8, 3.874302478834579e-7, 1.0000001192092896, 0, -1.0000001192092896, -3.376049662051628e-8, -1.1920930376163597e-7, 0, -5.4663238525390625, -68.72327423095703, -140.5785675048828, 1
Joint 8: Head: 1, 0, 1.4210854715202004e-14, 0, 0, 1.0000001192092896, 0, 0, -1.4210854715202004e-14, 0, 1, 0, -5.0857636922337426e-14, -151.03480529785156, 3.5787880420684814, 1
Joint 9: Bang: 0.9833974242210388, 0.15962503850460052, -0.08630958199501038, 0, 0.08449162542819977, -0.823697030544281, -0.5607001781463623, 0, -0.16059459745883942, 0.5440985560417175, -0.8235083222389221, 0, -18.686124801635742, 144.01429748535156, 119.62566375732422, 1
Joint 10: Ponytail: 0.9999863505363464, 0.0050789848901331425, -0.0012210371205583215, 0, -0.0012210368877276778, 0.4545448124408722, 0.8907231688499451, 0, 0.00507898535579443, -0.890709400177002, 0.45454469323158264, 0, 0.35812845826148987, -97.55951690673828, -152.90902709960938, 1
Joint 11: Pad: 0.03871195763349533, -0.9338490962982178, -0.3555655777454376, 0, 0.010097880847752094, -0.3554486036300659, 0.9346412420272827, 0, -0.9991993308067322, -0.039772242307662964, -0.004330222960561514, 0, -4.673088550567627, 43.26845932006836, -145.56442260742188, 1
Joint 12: IKRightHand: 9.947598300641403e-14, -1, 4.348242507050131e-21, 0, -4.3711484210007256e-8, -1.0421630802803263e-14, 1.0000001192092896, 0, -1, -4.263256414560601e-14, -4.371148065729358e-8, 0, -5.49355936050415, -68.69744110107422, -140.1451416015625, 1
Joint 13: IKLeftHand: 7.947291180698812e-8, 1.0000001192092896, -3.159073433651549e-16, 0, 3.975031859226874e-9, 6.318141573347178e-16, 1.0000001192092896, 0, 1, -7.947288338527869e-8, -3.975031415137664e-9, 0, 5.49355936050415, -68.83232879638672, -140.14512634277344, 1
Joint 14: LeftLeg: 0.9982669353485107, 0.0586727075278759, 0.0027526409830898046, 0, 0.05873044207692146, -0.9963718056678772, -0.06159455329179764, 0, -0.0008575760293751955, 0.061649471521377563, -0.9980902075767517, 0, -17.446670532226562, 72.57202911376953, 0.9122360348701477, 1
Joint 15: LeftFemur: 0.9996591210365295, 0.013771655969321728, -0.021889913827180862, 0, 0.015117685310542583, -0.9979243874549866, 0.06259352713823318, 0, -0.02096877619624138, -0.06290364265441895, -0.9977920651435852, 0, -15.625904083251953, 42.60702896118164, -4.060173034667969, 1
Joint 16: LeftFoot: 0.9999935626983643, 6.707521293947138e-8, -0.00002099283301504329, 0, -0.000020583820514730178, -0.3188711702823639, -0.9477978944778442, 0, 0.000006911969649081584, 0.9477909803390503, -0.31886953115463257, 0, -15.356348037719727, 7.59685754776001, 11.357526779174805, 1
Joint 17: RightLeg: 0.9984093308448792, -0.05647246167063713, -0.003735324600711465, 0, -0.0565960593521595, -0.996442437171936, -0.062444087117910385, 0, -0.00016861542826518416, 0.06255616992712021, -0.9980563521385193, 0, 16.30289649963379, 72.66515350341797, 0.9654613137245178, 1
Joint 18: RightFemur: 0.9997149705886841, -0.012346725910902023, 0.021021317690610886, 0, -0.01366189680993557, -0.997884213924408, 0.06356283277273178, 0, 0.02021913230419159, -0.06383108347654343, -0.9977709650993347, 0, 14.508631706237793, 42.63800048828125, -4.109365463256836, 1
Joint 19: RightFoot: 1.0000121593475342, -0.000004246659045747947, 0.000002886688434955431, 0, 1.5711948719854263e-7, -0.31887125968933105, -0.9477980732917786, 0, 0.00003195930548827164, 0.9478127360343933, -0.3188747763633728, 0, 14.260462760925293, 7.59696626663208, 11.357196807861328, 1
Joint 20: Sword: 0.07503822445869446, -0.5356822609901428, -0.84107905626297, 0, 0.0033724873792380095, 0.8435885310173035, -0.5369796752929688, 0, 0.9971749186515808, 0.03745754063129425, 0.06510785967111588, 0, 24.43856430053711, -137.6505126953125, 68.41560363769531, 1
Joint 21: PoleRightHand: 1, 0, 0, 0, 0, 0, 1, 0, 0, -1, 0, 0, 50.428855895996094, -56.6761360168457, -144.5363006591797, 1
Joint 22: PoleLeftFoot: -1, 0, 0, 0, 0, 0, 1, 0, 0, 1, 0, 0, 14.454022407531738, -45.695655822753906, -40.31656265258789, 1
Joint 23: IKLeftFoot: 1, 0, 0, 0, 0, 0, 1, 0, 0, -1, 0, 0, -15.356740951538086, -3.578793525695801, -13.186769485473633, 1
Joint 24: IKRightFoot: 1, 0, 0, 0, 0, 0, 1, 0, 0, -1, 0, 0, 14.260177612304688, -3.578793525695801, -13.186769485473633, 1
Joint 25: PoleRightFoot: -1, 0, 0, 0, 0, 0, 1, 0, 0, 1, 0, 0, -13.35745906829834, -45.695655822753906, -40.31656265258789, 1
Joint 26: PoleLeftHand: 1, 0, 0, 0, 0, 0, 1, 0, 0, -1, 0, 0, -50.57872009277344, -56.46990966796875, -144.5363006591797, 1



Mesh: Plane.005
	Primitive: 0
		10.939836502075195, 181.01742553710938, 18.279052734375 ---> 8: 1 0: 0, 0: 0, 0: 0
		2.691803455352783, 164.00830078125, 17.138687133789062 ---> 8: 1 0: 0, 0: 0, 0: 0
		-10.939836502075195, 181.01742553710938, 18.279052734375 ---> 8: 1 0: 0, 0: 0, 0: 0
		-2.691803455352783, 164.00830078125, 17.138687133789062 ---> 8: 1 0: 0, 0: 0, 0: 0
		0, 161.93618774414062, 16.708999633789062 ---> 8: 1 0: 0, 0: 0, 0: 0
		0, 172.68280029296875, 18.05855941772461 ---> 8: 1 0: 0, 0: 0, 0: 0
		0, 162.7027130126953, 20.718215942382812 ---> 8: 1 0: 0, 0: 0, 0: 0
		18.093692779541016, 162.36953735351562, 6.2100510597229 ---> 8: 1 0: 0, 0: 0, 0: 0
		18.221019744873047, 179.3750762939453, 9.190634727478027 ---> 8: 1 0: 0, 0: 0, 0: 0
		0, 150.7260284423828, 16.84947967529297 ---> 8: 1 0: 0, 0: 0, 0: 0
		12.95100212097168, 155.44244384765625, 10.38034439086914 ---> 8: 1 0: 0, 0: 0, 0: 0
		0, 181.04266357421875, 20.666107177734375 ---> 8: 1 0: 0, 0: 0, 0: 0
		-18.093692779541016, 162.36953735351562, 6.2100510597229 ---> 8: 1 0: 0, 0: 0, 0: 0
		-18.221019744873047, 179.3750762939453, 9.190634727478027 ---> 8: 1 0: 0, 0: 0, 0: 0
		-12.95100212097168, 155.44244384765625, 10.38034439086914 ---> 8: 1 0: 0, 0: 0, 0: 0
	Primitive: 1
		18.144664764404297, 192.399169921875, -4.968512535095215 ---> 8: 1 0: 0, 0: 0, 0: 0
		14.551653861999512, 190.93528747558594, -16.726028442382812 ---> 8: 1 0: 0, 0: 0, 0: 0
		7.680501461029053, 189.71878051757812, 18.227861404418945 ---> 8: 1 0: 0, 0: 0, 0: 0
		-18.144664764404297, 192.399169921875, -4.968512535095215 ---> 8: 1 0: 0, 0: 0, 0: 0
		0, 197.681884765625, -14.650287628173828 ---> 8: 1 0: 0, 0: 0, 0: 0
		-14.551653861999512, 190.93528747558594, -16.726028442382812 ---> 8: 1 0: 0, 0: 0, 0: 0
		0, 178.14376831054688, -27.6955509185791 ---> 8: 1 0: 0, 0: 0, 0: 0
		0, 200.1641845703125, -2.9507875442504883 ---> 8: 1 0: 0, 0: 0, 0: 0
		0, 198.358642578125, 12.440491676330566 ---> 8: 1 0: 0, 0: 0, 0: 0
		0, 181.04266357421875, 20.666107177734375 ---> 8: 1 0: 0, 0: 0, 0: 0
		0, 152.66046142578125, -17.01179313659668 ---> 8: 1 0: 0, 0: 0, 0: 0
		-7.680501461029053, 189.71878051757812, 18.227861404418945 ---> 8: 1 0: 0, 0: 0, 0: 0
		18.221019744873047, 179.3750762939453, 9.190634727478027 ---> 8: 1 0: 0, 0: 0, 0: 0
		10.939836502075195, 181.01742553710938, 18.279052734375 ---> 8: 1 0: 0, 0: 0, 0: 0
		16.082151412963867, 161.16940307617188, -18.328697204589844 ---> 8: 1 0: 0, 0: 0, 0: 0
		21.34844970703125, 174.39190673828125, -4.1769890785217285 ---> 8: 1 0: 0, 0: 0, 0: 0
		-18.221019744873047, 179.3750762939453, 9.190634727478027 ---> 8: 1 0: 0, 0: 0, 0: 0
		-10.939836502075195, 181.01742553710938, 18.279052734375 ---> 8: 1 0: 0, 0: 0, 0: 0
		-16.082151412963867, 161.16940307617188, -18.328697204589844 ---> 8: 1 0: 0, 0: 0, 0: 0
		-21.34844970703125, 174.39190673828125, -4.1769890785217285 ---> 8: 1 0: 0, 0: 0, 0: 0
		13.156558990478516, 182.2759246826172, 16.029830932617188 ---> 9: 0.9999998807907104 8: 1.1920928244535389e-7, 0: 0, 0: 0
		6.191995620727539, 186.09457397460938, 16.025836944580078 ---> 9: 1 0: 0, 0: 0, 0: 0
		-2.9674830436706543, 180.2965545654297, 20.46285629272461 ---> 9: 0.999950647354126 8: 0.00004935264587402344, 0: 0, 0: 0
		7.128343105316162, 174.3152618408203, 24.268922805786133 ---> 9: 1 0: 0, 0: 0, 0: 0
		3.3971848487854004, 190.2478790283203, 7.814059734344482 ---> 9: 1 0: 0, 0: 0, 0: 0
		5.5283379554748535, 191.49453735351562, 21.609939575195312 ---> 9: 1 0: 0, 0: 0, 0: 0
		9.698409080505371, 156.5005340576172, 23.570941925048828 ---> 9: 0.9999974370002747 8: 0.000002562999725341797, 0: 0, 0: 0
		14.264762878417969, 170.54324340820312, 20.385828018188477 ---> 9: 0.9959453344345093 8: 0.004054665565490723, 0: 0, 0: 0
		11.168503761291504, 172.73504638671875, 31.45806312561035 ---> 9: 1 0: 0, 0: 0, 0: 0
		1.5065885782241821, 169.85238647460938, 26.727924346923828 ---> 9: 0.9999990463256836 8: 9.5367431640625e-7, 0: 0, 0: 0
		-3.3727521896362305, 182.83279418945312, 20.453514099121094 ---> 8: 1 0: 0, 0: 0, 0: 0
		-6.206865310668945, 183.5106201171875, 20.234270095825195 ---> 8: 1 0: 0, 0: 0, 0: 0
		-14.008934020996094, 182.15655517578125, 16.897071838378906 ---> 8: 1 0: 0, 0: 0, 0: 0
		-11.967092514038086, 172.3853302001953, 22.538436889648438 ---> 8: 1 0: 0, 0: 0, 0: 0
		-6.34678840637207, 188.28643798828125, 10.113844871520996 ---> 8: 1 0: 0, 0: 0, 0: 0
		-9.117423057556152, 188.48785400390625, 22.61082649230957 ---> 8: 1 0: 0, 0: 0, 0: 0
		18.987024307250977, 179.04525756835938, 8.148204803466797 ---> 8: 1 0: 0, 0: 0, 0: 0
		14.717979431152344, 180.41409301757812, 12.407987594604492 ---> 8: 1 0: 0, 0: 0, 0: 0
		13.170681953430176, 180.42190551757812, 16.13715934753418 ---> 8: 1 0: 0, 0: 0, 0: 0
		17.360576629638672, 171.19509887695312, 15.503560066223145 ---> 8: 1 0: 0, 0: 0, 0: 0
		14.432838439941406, 186.34625244140625, 6.8149309158325195 ---> 8: 1 0: 0, 0: 0, 0: 0
		19.548810958862305, 182.67250061035156, 14.27877426147461 ---> 8: 1 0: 0, 0: 0, 0: 0
		-13.32386589050293, 181.871826171875, 14.406380653381348 ---> 8: 1 0: 0, 0: 0, 0: 0
		-16.528697967529297, 181.94900512695312, 11.278172492980957 ---> 8: 1 0: 0, 0: 0, 0: 0
		-19.725406646728516, 178.1068115234375, 7.884328365325928 ---> 8: 1 0: 0, 0: 0, 0: 0
		-19.537050247192383, 168.6522216796875, 14.387720108032227 ---> 8: 1 0: 0, 0: 0, 0: 0
		-11.364994049072266, 187.2339630126953, 6.605769157409668 ---> 8: 1 0: 0, 0: 0, 0: 0
		-19.656343460083008, 183.064697265625, 13.028365135192871 ---> 8: 1 0: 0, 0: 0, 0: 0
		-18.512649536132812, 179.52857971191406, 7.427425384521484 ---> 8: 1 0: 0, 0: 0, 0: 0
		-20.938770294189453, 178.22064208984375, 4.390265464782715 ---> 8: 1 0: 0, 0: 0, 0: 0
		-20.99413299560547, 177.48031616210938, -1.7081084251403809 ---> 8: 1 0: 0, 0: 0, 0: 0
		-20.538307189941406, 157.88243103027344, 4.786047458648682 ---> 8: 1 0: 0, 0: 0, 0: 0
		-16.97725486755371, 183.22479248046875, 1.8102247714996338 ---> 8: 1 0: 0, 0: 0, 0: 0
		-23.10759735107422, 179.3104248046875, 4.380716800689697 ---> 8: 1 0: 0, 0: 0, 0: 0
		-20.110551834106445, 148.0399169921875, 4.249368667602539 ---> 8: 1 0: 0, 0: 0, 0: 0
		-20.573015213012695, 155.4055633544922, -0.16269955039024353 ---> 8: 1 0: 0, 0: 0, 0: 0
		-22.84290313720703, 154.8731689453125, 4.245058059692383 ---> 8: 1 0: 0, 0: 0, 0: 0
		20.07236099243164, 178.86474609375, 8.73088264465332 ---> 8: 1 0: 0, 0: 0, 0: 0
		20.60157585144043, 177.76466369628906, 4.061021327972412 ---> 8: 1 0: 0, 0: 0, 0: 0
		20.633731842041016, 174.60986328125, -0.4134637415409088 ---> 8: 1 0: 0, 0: 0, 0: 0
		19.961809158325195, 156.01695251464844, 7.796903133392334 ---> 8: 1 0: 0, 0: 0, 0: 0
		17.010469436645508, 183.26271057128906, 1.3084542751312256 ---> 8: 1 0: 0, 0: 0, 0: 0
		22.67348289489746, 177.27963256835938, 4.1440534591674805 ---> 8: 1 0: 0, 0: 0, 0: 0
		20.843212127685547, 147.54563903808594, 7.006802082061768 ---> 8: 1 0: 0, 0: 0, 0: 0
		20.355741500854492, 155.7388458251953, 2.975675106048584 ---> 8: 1 0: 0, 0: 0, 0: 0
		22.48489761352539, 153.28099060058594, 6.4388346672058105 ---> 8: 1 0: 0, 0: 0, 0: 0
		14.650155067443848, 193.53823852539062, -28.396825790405273 ---> 10: 1 0: 0, 0: 0, 0: 0
		-1.2149618864059448, 204.95037841796875, -28.66419219970703 ---> 10: 1 0: 0, 0: 0, 0: 0
		-8.058279037475586, 194.74623107910156, -36.49496078491211 ---> 10: 1 0: 0, 0: 0, 0: 0
		8.262125968933105, 218.60452270507812, -56.37088394165039 ---> 10: 1 0: 0, 0: 0, 0: 0
		0.44906526803970337, 178.0541229248047, -18.824947357177734 ---> 10: 0.9999999403953552 9: 5.9604641222676946e-8, 0: 0, 0: 0
		5.137815475463867, 187.2372589111328, -47.26979064941406 ---> 10: 0.9999999403953552 9: 5.9604641222676946e-8, 8: 3.552713467042264e-15, 0: 0
		8.052309036254883, 192.3965606689453, -47.315093994140625 ---> 10: 1 0: 0, 0: 0, 0: 0
		-11.816329002380371, 195.95101928710938, -36.07457733154297 ---> 10: 1 0: 0, 0: 0, 0: 0
		-19.49460792541504, 177.4978485107422, -36.1909294128418 ---> 10: 1 0: 0, 0: 0, 0: 0
		-14.356013298034668, 196.0494842529297, -75.86161041259766 ---> 10: 0.9999999403953552 9: 5.9604641222676946e-8, 0: 0, 0: 0
		4.702167987823486, 181.99908447265625, -15.566873550415039 ---> 10: 0.9999999403953552 9: 5.960463766996327e-8, 8: 3.5527132552840273e-15, 0: 0
		3.892794132232666, 176.5251922607422, -52.32722473144531 ---> 10: 1 0: 0, 0: 0, 0: 0
		16.87742042541504, 185.07261657714844, -27.80109405517578 ---> 10: 0.9999999403953552 9: 5.9604641222676946e-8, 0: 0, 0: 0
		2.345194101333618, 199.00311279296875, -45.928672790527344 ---> 10: 1 0: 0, 0: 0, 0: 0
		-2.258321762084961, 183.6892547607422, -58.53868865966797 ---> 10: 1 0: 0, 0: 0, 0: 0
		16.657703399658203, 192.24432373046875, -77.37305450439453 ---> 10: 1 0: 0, 0: 0, 0: 0
		-1.7634704113006592, 182.67881774902344, -18.650768280029297 ---> 10: 1 0: 0, 0: 0, 0: 0
		9.989128112792969, 174.40304565429688, -41.96635437011719 ---> 10: 0.9999999403953552 9: 5.9604641222676946e-8, 0: 0, 0: 0
	Primitive: 2
		20.1748104095459, 170.8892822265625, -0.5011693239212036 ---> 8: 1 0: 0, 0: 0, 0: 0
		21.229366302490234, 173.873779296875, -4.29634952545166 ---> 8: 1 0: 0, 0: 0, 0: 0
		21.84844207763672, 167.59765625, -6.718813896179199 ---> 8: 1 0: 0, 0: 0, 0: 0
		19.26078987121582, 170.49407958984375, -7.443367958068848 ---> 8: 1 0: 0, 0: 0, 0: 0
		17.73403549194336, 163.7720489501953, -5.8903937339782715 ---> 8: 1 0: 0, 0: 0, 0: 0
		18.221019744873047, 179.3750762939453, 9.190634727478027 ---> 8: 1 0: 0, 0: 0, 0: 0
		18.093692779541016, 162.36953735351562, 6.2100510597229 ---> 8: 1 0: 0, 0: 0, 0: 0
		21.34844970703125, 174.39190673828125, -4.1769890785217285 ---> 8: 1 0: 0, 0: 0, 0: 0
		16.082151412963867, 161.16940307617188, -18.328697204589844 ---> 8: 1 0: 0, 0: 0, 0: 0
		14.684846878051758, 152.92184448242188, -7.093489170074463 ---> 8: 1 0: 0, 0: 0, 0: 0
		12.95100212097168, 155.44244384765625, 10.38034439086914 ---> 8: 1 0: 0, 0: 0, 0: 0
		-18.221019744873047, 179.3750762939453, 9.190634727478027 ---> 8: 1 0: 0, 0: 0, 0: 0
		0, 150.7260284423828, 16.84947967529297 ---> 8: 1 0: 0, 0: 0, 0: 0
		-18.093692779541016, 162.36953735351562, 6.2100510597229 ---> 8: 1 0: 0, 0: 0, 0: 0
		-21.34844970703125, 174.39190673828125, -4.1769890785217285 ---> 8: 1 0: 0, 0: 0, 0: 0
		-16.082151412963867, 161.16940307617188, -18.328697204589844 ---> 8: 1 0: 0, 0: 0, 0: 0
		-14.684846878051758, 152.92184448242188, -7.093489170074463 ---> 8: 1 0: 0, 0: 0, 0: 0
		0, 146.82603454589844, -3.8067665100097656 ---> 8: 1 0: 0, 0: 0, 0: 0
		-12.95100212097168, 155.44244384765625, 10.38034439086914 ---> 8: 1 0: 0, 0: 0, 0: 0
		0, 152.66046142578125, -17.01179313659668 ---> 8: 1 0: 0, 0: 0, 0: 0
		46.92139434814453, 143.60757446289062, 0.0883420929312706 ---> 3: 1 0: 0, 0: 0, 0: 0
		47.438323974609375, 132.36065673828125, -1.5111098289489746 ---> 3: 1 0: 0, 0: 0, 0: 0
		48.471092224121094, 130.244873046875, -11.755105972290039 ---> 3: 1 0: 0, 0: 0, 0: 0
		48.592445373535156, 140.18418884277344, -16.486797332763672 ---> 3: 0.9999999403953552 2: 5.9604641222676946e-8, 0: 0, 0: 0
		47.63469314575195, 148.4428253173828, -9.167144775390625 ---> 3: 1 0: 0, 0: 0, 0: 0
		40.16118621826172, 138.56008911132812, -8.55904483795166 ---> 3: 1 0: 0, 0: 0, 0: 0
		66.83060455322266, 141.77476501464844, 1.076387643814087 ---> 3: 0.9952417612075806 2: 0.004758216440677643, 0: 0, 0: 0
		67.30018615722656, 131.4130859375, -3.5076334476470947 ---> 3: 0.9666979312896729 2: 0.03330206871032715, 0: 0, 0: 0
		67.4105453491211, 132.714111328125, -13.813535690307617 ---> 3: 0.9585925340652466 2: 0.04140746220946312, 0: 0, 0: 0
		67.02182006835938, 143.72105407714844, -15.613617897033691 ---> 3: 0.9539899230003357 2: 0.046010084450244904, 0: 0, 0: 0
		66.66426849365234, 149.37025451660156, -6.41316032409668 ---> 3: 0.9731996059417725 2: 0.026800408959388733, 0: 0, 0: 0
		72.23771667480469, 140.56272888183594, -7.737183094024658 ---> 3: 1 0: 0, 0: 0, 0: 0
		82.62004852294922, 146.8265380859375, 2.6204311847686768 ---> 4: 1 0: 0, 0: 0, 0: 0
		82.6217269897461, 132.31431579589844, 1.8325048685073853 ---> 4: 1 0: 0, 0: 0, 0: 0
		82.36228942871094, 128.66500854492188, -11.03007698059082 ---> 4: 1 0: 0, 0: 0, 0: 0
		82.20024108886719, 140.92181396484375, -15.595849990844727 ---> 4: 1 0: 0, 0: 0, 0: 0
		82.35955810546875, 152.14627075195312, -9.755189895629883 ---> 4: 1 0: 0, 0: 0, 0: 0
		90.41838073730469, 140.0281982421875, -7.039310932159424 ---> 4: 1 0: 0, 0: 0, 0: 0
		69.70950317382812, 146.8208465576172, -0.5420612692832947 ---> 4: 1 0: 0, 0: 0, 0: 0
		68.76050567626953, 135.1876678466797, 0.49407246708869934 ---> 4: 1 0: 0, 0: 0, 0: 0
		71.06043243408203, 130.71646118164062, -9.581156730651855 ---> 4: 1 0: 0, 0: 0, 0: 0
		69.32160949707031, 138.9930877685547, -16.554658889770508 ---> 4: 1 0: 0, 0: 0, 0: 0
		69.52177429199219, 149.2709197998047, -11.158426284790039 ---> 4: 1 0: 0, 0: 0, 0: 0
		-46.92139434814453, 143.60757446289062, 0.0883420929312706 ---> 6: 1 0: 0, 0: 0, 0: 0
		-47.438323974609375, 132.36065673828125, -1.5111098289489746 ---> 6: 1 0: 0, 0: 0, 0: 0
		-48.471092224121094, 130.244873046875, -11.755105972290039 ---> 6: 1 0: 0, 0: 0, 0: 0
		-48.592445373535156, 140.18418884277344, -16.486797332763672 ---> 6: 0.9999999403953552 5: 5.9604641222676946e-8, 0: 0, 0: 0
		-47.63469314575195, 148.4428253173828, -9.167144775390625 ---> 6: 1 0: 0, 0: 0, 0: 0
		-40.16118621826172, 138.56008911132812, -8.55904483795166 ---> 6: 1 0: 0, 0: 0, 0: 0
		-66.83060455322266, 141.77476501464844, 1.076387643814087 ---> 6: 0.9952417612075806 5: 0.004758216440677643, 0: 0, 0: 0
		-67.30018615722656, 131.4130859375, -3.5076334476470947 ---> 6: 0.9666979312896729 5: 0.03330206871032715, 0: 0, 0: 0
		-67.4105453491211, 132.714111328125, -13.813535690307617 ---> 6: 0.9585925340652466 5: 0.04140746220946312, 0: 0, 0: 0
		-67.02182006835938, 143.72105407714844, -15.613617897033691 ---> 6: 0.9539899230003357 5: 0.046010084450244904, 0: 0, 0: 0
		-66.66426849365234, 149.37025451660156, -6.41316032409668 ---> 6: 0.9731996059417725 5: 0.026800408959388733, 0: 0, 0: 0
		-72.23771667480469, 140.56272888183594, -7.737183094024658 ---> 6: 1 0: 0, 0: 0, 0: 0
		-82.62004852294922, 146.8265380859375, 2.6204311847686768 ---> 7: 1 0: 0, 0: 0, 0: 0
		-82.6217269897461, 132.31431579589844, 1.8325048685073853 ---> 7: 1 0: 0, 0: 0, 0: 0
		-82.36228942871094, 128.66500854492188, -11.03007698059082 ---> 7: 1 0: 0, 0: 0, 0: 0
		-82.20024108886719, 140.92181396484375, -15.595849990844727 ---> 7: 1 0: 0, 0: 0, 0: 0
		-82.35955810546875, 152.14627075195312, -9.755189895629883 ---> 7: 1 0: 0, 0: 0, 0: 0
		-90.41838073730469, 140.0281982421875, -7.039310932159424 ---> 7: 1 0: 0, 0: 0, 0: 0
		-69.70950317382812, 146.8208465576172, -0.5420612692832947 ---> 7: 1 0: 0, 0: 0, 0: 0
		-68.76050567626953, 135.1876678466797, 0.49407246708869934 ---> 7: 1 0: 0, 0: 0, 0: 0
		-71.06043243408203, 130.71646118164062, -9.581156730651855 ---> 7: 1 0: 0, 0: 0, 0: 0
		-69.32160949707031, 138.9930877685547, -16.554658889770508 ---> 7: 1 0: 0, 0: 0, 0: 0
		-69.52177429199219, 149.2709197998047, -11.158426284790039 ---> 7: 1 0: 0, 0: 0, 0: 0
		-20.1748104095459, 170.8892822265625, -0.5011693239212036 ---> 8: 1 0: 0, 0: 0, 0: 0
		-21.229366302490234, 173.873779296875, -4.29634952545166 ---> 8: 1 0: 0, 0: 0, 0: 0
		-21.84844207763672, 167.59765625, -6.718813896179199 ---> 8: 1 0: 0, 0: 0, 0: 0
		-19.26078987121582, 170.49407958984375, -7.443367958068848 ---> 8: 1 0: 0, 0: 0, 0: 0
		-17.73403549194336, 163.7720489501953, -5.8903937339782715 ---> 8: 1 0: 0, 0: 0, 0: 0
	Primitive: 3
		-18.868221282958984, 151.5465087890625, -21.664857864379883 ---> 20: 0.9999999403953552 1: 5.9604641222676946e-8, 0: 0, 0: 0
		-18.795673370361328, 151.4811248779297, -24.486003875732422 ---> 20: 0.9999999403953552 1: 5.9604641222676946e-8, 0: 0, 0: 0
		-16.232484817504883, 153.080322265625, -24.483930587768555 ---> 20: 1 0: 0, 0: 0, 0: 0
		-16.305044174194336, 153.14576721191406, -21.662771224975586 ---> 20: 1 0: 0, 0: 0, 0: 0
		-28.38627815246582, 166.80213928222656, -22.26344108581543 ---> 20: 0.9999998807907104 1: 1.1920928955078125e-7, 0: 0, 0: 0
		-28.313732147216797, 166.73675537109375, -25.08458709716797 ---> 20: 1 0: 0, 0: 0, 0: 0
		-25.75054168701172, 168.33595275878906, -25.08251190185547 ---> 20: 1 0: 0, 0: 0, 0: 0
		-25.823101043701172, 168.4013671875, -22.2613525390625 ---> 20: 1 0: 0, 0: 0, 0: 0
	Primitive: 4
		-38.884300231933594, 139.43594360351562, -6.707589626312256 ---> 11: 1 0: 0, 0: 0, 0: 0
		-28.29636001586914, 143.3546600341797, 4.405888557434082 ---> 11: 1 0: 0, 0: 0, 0: 0
		-11.604718208312988, 145.44895935058594, 2.4904463291168213 ---> 11: 1 0: 0, 0: 0, 0: 0
		-11.614219665527344, 145.45114135742188, -16.043968200683594 ---> 11: 1 0: 0, 0: 0, 0: 0
		-31.088266372680664, 140.7091064453125, -17.059551239013672 ---> 11: 1 0: 0, 0: 0, 0: 0
		-28.25381088256836, 146.98745727539062, -6.115268707275391 ---> 11: 1 0: 0, 0: 0, 0: 0
		-10.674320220947266, 153.60317993164062, -6.299500465393066 ---> 11: 1 0: 0, 0: 0, 0: 0
		-29.870450973510742, 152.74850463867188, -6.424063682556152 ---> 11: 1 0: 0, 0: 0, 0: 0
	Primitive: 5
		-18.391036987304688, 146.1092529296875, -20.669219970703125 ---> 20: 1 0: 0, 0: 0, 0: 0
		-18.192461013793945, 146.05856323242188, -25.119667053222656 ---> 20: 1 0: 0, 0: 0, 0: 0
		-11.73891830444336, 150.25814819335938, -20.703859329223633 ---> 20: 1 0: 0, 0: 0, 0: 0
		-11.540336608886719, 150.20742797851562, -25.15432357788086 ---> 20: 1 0: 0, 0: 0, 0: 0
		-22.438941955566406, 149.51890563964844, -20.829357147216797 ---> 20: 0.9999999403953552 1: 5.9604641222676946e-8, 0: 0, 0: 0
		-22.184389114379883, 149.5031280517578, -25.280092239379883 ---> 20: 1 0: 0, 0: 0, 0: 0
		-12.812127113342285, 155.34852600097656, -25.328920364379883 ---> 20: 1 0: 0, 0: 0, 0: 0
		-13.066675186157227, 155.36434936523438, -20.878164291381836 ---> 20: 1 0: 0, 0: 0, 0: 0
		-28.38627815246582, 166.80213928222656, -22.26344108581543 ---> 20: 0.9999998807907104 1: 1.1920928955078125e-7, 0: 0, 0: 0
		-28.313732147216797, 166.73675537109375, -25.08458709716797 ---> 20: 1 0: 0, 0: 0, 0: 0
		-25.75054168701172, 168.33595275878906, -25.08251190185547 ---> 20: 1 0: 0, 0: 0, 0: 0
		-25.823101043701172, 168.4013671875, -22.2613525390625 ---> 20: 1 0: 0, 0: 0, 0: 0
		-30.17768096923828, 167.8138885498047, -21.4122371673584 ---> 20: 0.9999997019767761 1: 2.980231954552437e-7, 0: 0, 0: 0
		-30.058277130126953, 167.706298828125, -26.055389404296875 ---> 20: 1 0: 0, 0: 0, 0: 0
		-25.839675903320312, 170.3383026123047, -26.051986694335938 ---> 20: 0.9999999403953552 1: 5.9604641222676946e-8, 0: 0, 0: 0
		-25.9591007232666, 170.4459991455078, -21.408798217773438 ---> 20: 1 0: 0, 0: 0, 0: 0
		-30.634458541870117, 171.17080688476562, -22.801490783691406 ---> 20: 0.999998927116394 1: 0.0000010728834922701935, 0: 0, 0: 0
		-30.581192016601562, 171.12281799316406, -24.872802734375 ---> 20: 0.9999999403953552 1: 5.9604641222676946e-8, 0: 0, 0: 0
		-30.581192016601562, 171.12281799316406, -24.872802734375 ---> 20: 0.9999999403953552 1: 5.9604641222676946e-8, 0: 0, 0: 0
		-28.699275970458984, 172.29696655273438, -24.871280670166016 ---> 20: 1 0: 0, 0: 0, 0: 0
		-28.699275970458984, 172.29696655273438, -24.871280670166016 ---> 20: 1 0: 0, 0: 0, 0: 0
		-28.752552032470703, 172.34498596191406, -22.799957275390625 ---> 20: 0.9999999403953552 1: 5.9604641222676946e-8, 0: 0, 0: 0
	Primitive: 6
		11.646339416503906, 97.28875732421875, -20.61184310913086 ---> 1: 1 0: 0, 0: 0, 0: 0
		-18.82088279724121, 145.82748413085938, -21.494482040405273 ---> 1: 1 0: 0, 0: 0, 0: 0
		11.91098403930664, 97.2791748046875, -22.990982055664062 ---> 1: 1 0: 0, 0: 0, 0: 0
		-18.556245803833008, 145.81790161132812, -23.873607635498047 ---> 1: 1 0: 0, 0: 0, 0: 0
		19.09917640686035, 101.93177795410156, -20.723384857177734 ---> 1: 1 0: 0, 0: 0, 0: 0
		-11.365062713623047, 150.46568298339844, -21.605661392211914 ---> 1: 1 0: 0, 0: 0, 0: 0
		19.36381721496582, 101.92219543457031, -23.10251235961914 ---> 1: 1 0: 0, 0: 0, 0: 0
		-11.100420951843262, 150.45608520507812, -23.98479652404785 ---> 1: 1 0: 0, 0: 0, 0: 0
		21.195514678955078, 90.67119598388672, -22.78247833251953 ---> 1: 1 0: 0, 0: 0, 0: 0
		20.930870056152344, 90.6807861328125, -20.40334701538086 ---> 1: 1 0: 0, 0: 0, 0: 0
	Primitive: 7
		25.508987426757812, 149.35801696777344, -6.038693904876709 ---> 2: 0.9999995231628418 3: 4.7683712978141557e-7, 0: 0, 0: 0
		25.324724197387695, 143.1343231201172, -15.442957878112793 ---> 2: 0.9999995231628418 3: 4.76837158203125e-7, 0: 0, 0: 0
		25.17831802368164, 131.66534423828125, -13.205955505371094 ---> 2: 1 0: 0, 0: 0, 0: 0
		25.272106170654297, 130.80079650878906, -2.4191482067108154 ---> 2: 1 0: 0, 0: 0, 0: 0
		25.476472854614258, 141.73545837402344, 2.010462760925293 ---> 2: 0.9999999403953552 3: 5.9604641222676946e-8, 0: 0, 0: 0
		20.41253662109375, 139.32249450683594, -6.979140758514404 ---> 2: 1 0: 0, 0: 0, 0: 0
		50.782352447509766, 151.38246154785156, -10.203744888305664 ---> 2: 1 0: 0, 0: 0, 0: 0
		48.318397521972656, 138.8692626953125, -20.341665267944336 ---> 2: 0.9999999403953552 3: 5.9604641222676946e-8, 0: 0, 0: 0
		45.139617919921875, 125.28034973144531, -12.634700775146484 ---> 2: 1 0: 0, 0: 0, 0: 0
		45.63902282714844, 129.39520263671875, 2.266396999359131 ---> 2: 1 0: 0, 0: 0, 0: 0
		49.12644958496094, 145.52720642089844, 3.768807888031006 ---> 2: 1 0: 0, 0: 0, 0: 0
		40.57798385620117, 138.522705078125, -6.738485813140869 ---> 2: 1 0: 0, 0: 0, 0: 0
		-25.508987426757812, 149.35801696777344, -6.038693904876709 ---> 5: 0.9999995231628418 6: 4.7683712978141557e-7, 0: 0, 0: 0
		-25.324724197387695, 143.1343231201172, -15.442957878112793 ---> 5: 0.9999995231628418 6: 4.76837158203125e-7, 0: 0, 0: 0
		-25.17831802368164, 131.66534423828125, -13.205955505371094 ---> 5: 1 0: 0, 0: 0, 0: 0
		-25.272106170654297, 130.80079650878906, -2.4191482067108154 ---> 5: 1 0: 0, 0: 0, 0: 0
		-25.476472854614258, 141.73545837402344, 2.010462760925293 ---> 5: 0.9999999403953552 6: 5.9604641222676946e-8, 0: 0, 0: 0
		-20.41253662109375, 139.32249450683594, -6.979140758514404 ---> 5: 1 0: 0, 0: 0, 0: 0
		-50.782352447509766, 151.38246154785156, -10.203744888305664 ---> 5: 1 0: 0, 0: 0, 0: 0
		-48.318397521972656, 138.8692626953125, -20.341665267944336 ---> 5: 0.9999999403953552 6: 5.9604641222676946e-8, 0: 0, 0: 0
		-45.139617919921875, 125.28034973144531, -12.634700775146484 ---> 5: 1 0: 0, 0: 0, 0: 0
		-45.63902282714844, 129.39520263671875, 2.266396999359131 ---> 5: 1 0: 0, 0: 0, 0: 0
		-49.12644958496094, 145.52720642089844, 3.768807888031006 ---> 5: 1 0: 0, 0: 0, 0: 0
		-40.57798385620117, 138.522705078125, -6.738485813140869 ---> 5: 1 0: 0, 0: 0, 0: 0
	Primitive: 8
		21.125144958496094, 11.141069412231445, 2.8372788429260254 ---> 15: 1 0: 0, 0: 0, 0: 0
		21.125144958496094, 11.141069412231445, 2.8372788429260254 ---> 15: 1 0: 0, 0: 0, 0: 0
		5.428170204162598, 42.08032989501953, 3.8947854042053223 ---> 15: 1 0: 0, 0: 0, 0: 0
		5.428170204162598, 42.08032989501953, 3.8947854042053223 ---> 15: 1 0: 0, 0: 0, 0: 0
		7.370774269104004, 11.633018493652344, -10.441652297973633 ---> 15: 1 0: 0, 0: 0, 0: 0
		7.370774269104004, 11.633018493652344, -10.441652297973633 ---> 15: 1 0: 0, 0: 0, 0: 0
		7.603522300720215, 10.72421646118164, 3.0731987953186035 ---> 15: 1 0: 0, 0: 0, 0: 0
		5.53073787689209, 41.59187698364258, -12.279592514038086 ---> 15: 1 0: 0, 0: 0, 0: 0
		5.53073787689209, 41.59187698364258, -12.279592514038086 ---> 15: 1 0: 0, 0: 0, 0: 0
		21.74025535583496, 42.71063995361328, 3.3114876747131348 ---> 15: 1 0: 0, 0: 0, 0: 0
		20.629413604736328, 42.340553283691406, -12.674100875854492 ---> 15: 1 0: 0, 0: 0, 0: 0
		20.629413604736328, 42.340553283691406, -12.674100875854492 ---> 15: 1 0: 0, 0: 0, 0: 0
		20.629413604736328, 42.340553283691406, -12.674100875854492 ---> 15: 1 0: 0, 0: 0, 0: 0
		20.664377212524414, 12.042842864990234, -10.673593521118164 ---> 15: 1 0: 0, 0: 0, 0: 0
		20.664377212524414, 12.042842864990234, -10.673593521118164 ---> 15: 1 0: 0, 0: 0, 0: 0
		20.664377212524414, 12.042842864990234, -10.673593521118164 ---> 15: 1 0: 0, 0: 0, 0: 0
		21.74025535583496, 42.71063995361328, 3.3114876747131348 ---> 15: 1 0: 0, 0: 0, 0: 0
		21.74025535583496, 42.71063995361328, 3.3114876747131348 ---> 15: 1 0: 0, 0: 0, 0: 0
		21.125144958496094, 11.141069412231445, 2.8372788429260254 ---> 15: 1 0: 0, 0: 0, 0: 0
		7.603522300720215, 10.72421646118164, 3.0731987953186035 ---> 15: 1 0: 0, 0: 0, 0: 0
		7.603522300720215, 10.72421646118164, 3.0731987953186035 ---> 15: 1 0: 0, 0: 0, 0: 0
		5.428170204162598, 42.08032989501953, 3.8947854042053223 ---> 15: 1 0: 0, 0: 0, 0: 0
		4.590235710144043, 1.0181583166122437, -10.602570533752441 ---> 16: 1 0: 0, 0: 0, 0: 0
		23.619449615478516, 1.0185017585754395, -10.602479934692383 ---> 16: 1 0: 0, 0: 0, 0: 0
		25.67782211303711, 1.018537998199463, 13.174309730529785 ---> 16: 1 0: 0, 0: 0, 0: 0
		8.699377059936523, 1.0182312726974487, 23.287845611572266 ---> 16: 1 0: 0, 0: 0, 0: 0
		19.512115478515625, 1.0184264183044434, 23.28789710998535 ---> 16: 1 0: 0, 0: 0, 0: 0
		2.544893741607666, 0.9986120462417603, 13.144062042236328 ---> 16: 0.9814276099205017 15: 0.01857239007949829, 0: 0, 0: 0
		-21.125144958496094, 11.141069412231445, 2.837278366088867 ---> 18: 1 0: 0, 0: 0, 0: 0
		-21.125144958496094, 11.141069412231445, 2.837278366088867 ---> 18: 1 0: 0, 0: 0, 0: 0
		-5.428170204162598, 42.08032989501953, 3.8947839736938477 ---> 18: 0.9973292350769043 19: 0.0026707667857408524, 0: 0, 0: 0
		-5.428170204162598, 42.08032989501953, 3.8947839736938477 ---> 18: 0.9973292350769043 19: 0.0026707667857408524, 0: 0, 0: 0
		-4.590235710144043, 1.0181583166122437, -10.602570533752441 ---> 19: 1 0: 0, 0: 0, 0: 0
		-23.619449615478516, 1.0185017585754395, -10.602479934692383 ---> 19: 1 0: 0, 0: 0, 0: 0
		-25.67782211303711, 1.018537998199463, 13.174309730529785 ---> 19: 1 0: 0, 0: 0, 0: 0
		-7.370774269104004, 11.63301944732666, -10.441651344299316 ---> 18: 1 0: 0, 0: 0, 0: 0
		-7.370774269104004, 11.63301944732666, -10.441651344299316 ---> 18: 1 0: 0, 0: 0, 0: 0
		-7.603522300720215, 10.72421646118164, 3.0731987953186035 ---> 18: 1 0: 0, 0: 0, 0: 0
		-5.53073787689209, 41.59187698364258, -12.279590606689453 ---> 18: 0.9847450852394104 19: 0.015254904516041279, 0: 0, 0: 0
		-5.53073787689209, 41.59187698364258, -12.279590606689453 ---> 18: 0.9847450852394104 19: 0.015254904516041279, 0: 0, 0: 0
		-21.74025535583496, 42.71063995361328, 3.3114876747131348 ---> 18: 0.9980470538139343 19: 0.0019529706332832575, 0: 0, 0: 0
		-20.629413604736328, 42.340553283691406, -12.67409896850586 ---> 18: 0.984254777431488 19: 0.015745218843221664, 0: 0, 0: 0
		-20.629413604736328, 42.340553283691406, -12.67409896850586 ---> 18: 0.984254777431488 19: 0.015745218843221664, 0: 0, 0: 0
		-20.629413604736328, 42.340553283691406, -12.67409896850586 ---> 18: 0.984254777431488 19: 0.015745218843221664, 0: 0, 0: 0
		-20.664377212524414, 12.042842864990234, -10.67359447479248 ---> 18: 0.9999999403953552 19: 5.9604641222676946e-8, 0: 0, 0: 0
		-20.664377212524414, 12.042842864990234, -10.67359447479248 ---> 18: 0.9999999403953552 19: 5.9604641222676946e-8, 0: 0, 0: 0
		-20.664377212524414, 12.042842864990234, -10.67359447479248 ---> 18: 0.9999999403953552 19: 5.9604641222676946e-8, 0: 0, 0: 0
		-8.699377059936523, 1.0182312726974487, 23.287845611572266 ---> 19: 1 0: 0, 0: 0, 0: 0
		-19.512115478515625, 1.0184264183044434, 23.28789710998535 ---> 19: 1 0: 0, 0: 0, 0: 0
		-2.544893741607666, 0.9986120462417603, 13.144062042236328 ---> 19: 0.9814276099205017 18: 0.01857239007949829, 0: 0, 0: 0
		-21.74025535583496, 42.71063995361328, 3.3114876747131348 ---> 18: 0.9980470538139343 19: 0.0019529706332832575, 0: 0, 0: 0
		-21.74025535583496, 42.71063995361328, 3.3114876747131348 ---> 18: 0.9980470538139343 19: 0.0019529706332832575, 0: 0, 0: 0
		-21.125144958496094, 11.141069412231445, 2.837278366088867 ---> 18: 1 0: 0, 0: 0, 0: 0
		-7.603522300720215, 10.72421646118164, 3.0731987953186035 ---> 18: 1 0: 0, 0: 0, 0: 0
		-7.603522300720215, 10.72421646118164, 3.0731987953186035 ---> 18: 1 0: 0, 0: 0, 0: 0
		-5.428170204162598, 42.08032989501953, 3.8947839736938477 ---> 18: 0.9973292350769043 19: 0.0026707667857408524, 0: 0, 0: 0
	Primitive: 9
		7.453660488128662, 12.623800277709961, -11.196061134338379 ---> 16: 0.9985299110412598 15: 0.0014700889587402344, 0: 0, 0: 0
		20.75543975830078, 12.624664306640625, -11.197127342224121 ---> 16: 1 15: 1.6112985945504477e-11, 0: 0, 0: 0
		21.988601684570312, 11.208702087402344, 11.070146560668945 ---> 16: 1 0: 0, 0: 0, 0: 0
		10.043861389160156, 11.208486557006836, 18.35849952697754 ---> 16: 1 0: 0, 0: 0, 0: 0
		5.964109897613525, 11.208395957946777, 11.06995677947998 ---> 16: 0.9998949766159058 15: 0.00010502338409423828, 0: 0, 0: 0
		13.159708976745605, 17.748544692993164, -2.886209011077881 ---> 16: 1 0: 0, 0: 0, 0: 0
		17.909320831298828, 11.20862865447998, 18.358539581298828 ---> 16: 1 0: 0, 0: 0, 0: 0
		-7.453660488128662, 12.623800277709961, -11.196061134338379 ---> 19: 0.9985299110412598 18: 0.0014700889587402344, 0: 0, 0: 0
		-20.75543975830078, 12.624664306640625, -11.197127342224121 ---> 19: 1 18: 1.6112985945504477e-11, 0: 0, 0: 0
		-21.988601684570312, 11.208702087402344, 11.070146560668945 ---> 19: 1 0: 0, 0: 0, 0: 0
		-10.043861389160156, 11.208486557006836, 18.35849952697754 ---> 19: 1 0: 0, 0: 0, 0: 0
		-5.964109897613525, 11.208395957946777, 11.06995677947998 ---> 19: 0.9998949766159058 18: 0.00010502338409423828, 0: 0, 0: 0
		-13.159708976745605, 17.748544692993164, -2.886209011077881 ---> 19: 1 0: 0, 0: 0, 0: 0
		-17.909320831298828, 11.20862865447998, 18.358539581298828 ---> 19: 1 0: 0, 0: 0, 0: 0
		23.619449615478516, 1.0185017585754395, -10.602479934692383 ---> 16: 1 0: 0, 0: 0, 0: 0
		4.590235710144043, 1.0181583166122437, -10.602570533752441 ---> 16: 1 0: 0, 0: 0, 0: 0
		25.67782211303711, 1.018537998199463, 13.174309730529785 ---> 16: 1 0: 0, 0: 0, 0: 0
		8.699377059936523, 1.0182312726974487, 23.287845611572266 ---> 16: 1 0: 0, 0: 0, 0: 0
		19.512115478515625, 1.0184264183044434, 23.28789710998535 ---> 16: 1 0: 0, 0: 0, 0: 0
		2.544893741607666, 0.9986120462417603, 13.144062042236328 ---> 16: 0.9814276099205017 15: 0.01857239007949829, 0: 0, 0: 0
		-23.619449615478516, 1.0185017585754395, -10.602479934692383 ---> 19: 1 0: 0, 0: 0, 0: 0
		-4.590235710144043, 1.0181583166122437, -10.602570533752441 ---> 19: 1 0: 0, 0: 0, 0: 0
		-25.67782211303711, 1.018537998199463, 13.174309730529785 ---> 19: 1 0: 0, 0: 0, 0: 0
		-8.699377059936523, 1.0182312726974487, 23.287845611572266 ---> 19: 1 0: 0, 0: 0, 0: 0
		-19.512115478515625, 1.0184264183044434, 23.28789710998535 ---> 19: 1 0: 0, 0: 0, 0: 0
		-2.544893741607666, 0.9986120462417603, 13.144062042236328 ---> 19: 0.9814276099205017 18: 0.01857239007949829, 0: 0, 0: 0
		18.984601974487305, 77.08208465576172, 6.402498245239258 ---> 0: 1 0: 0, 0: 0, 0: 0
		20.346084594726562, 77.7588882446289, -11.95006275177002 ---> 0: 1 0: 0, 0: 0, 0: 0
		11.449516296386719, 84.86312866210938, -20.7501220703125 ---> 0: 1 0: 0, 0: 0, 0: 0
		18.525320053100586, 99.39607238769531, -5.38942813873291 ---> 0: 0.9999999403953552 1: 5.9604641222676946e-8, 0: 0, 0: 0
		14.45202922821045, 99.61073303222656, 4.358175754547119 ---> 0: 1 0: 0, 0: 0, 0: 0
		12.95254898071289, 99.17726135253906, -19.139204025268555 ---> 0: 1 0: 0, 0: 0, 0: 0
		0, 76.75283813476562, 8.255501747131348 ---> 0: 1 0: 0, 0: 0, 0: 0
		-18.984601974487305, 77.08208465576172, 6.402498245239258 ---> 0: 1 0: 0, 0: 0, 0: 0
		-20.346084594726562, 77.7588882446289, -11.95006275177002 ---> 0: 1 0: 0, 0: 0, 0: 0
		-11.449516296386719, 84.86312866210938, -20.7501220703125 ---> 0: 1 0: 0, 0: 0, 0: 0
		0, 86.26968383789062, -22.448108673095703 ---> 0: 0.9999998807907104 1: 1.1920928244535389e-7, 0: 0, 0: 0
		0, 74.69876098632812, -17.24222183227539 ---> 0: 1 0: 0, 0: 0, 0: 0
		-18.525320053100586, 99.39607238769531, -5.38942813873291 ---> 0: 0.9999999403953552 1: 5.9604641222676946e-8, 0: 0, 0: 0
		-14.45202922821045, 99.61073303222656, 4.358175754547119 ---> 0: 1 0: 0, 0: 0, 0: 0
		0, 99.01737213134766, 9.949365615844727 ---> 0: 1 0: 0, 0: 0, 0: 0
		-12.95254898071289, 99.17726135253906, -19.139204025268555 ---> 0: 1 0: 0, 0: 0, 0: 0
		0, 99.03741455078125, -20.233177185058594 ---> 0: 1 0: 0, 0: 0, 0: 0
		0, 105.63053894042969, -5.0897746086120605 ---> 0: 0.9999999403953552 1: 5.9604641222676946e-8, 0: 0, 0: 0
		18.984601974487305, 77.08208465576172, 6.402498245239258 ---> 0: 1 0: 0, 0: 0, 0: 0
		0, 76.75283813476562, 8.255501747131348 ---> 0: 1 0: 0, 0: 0, 0: 0
		20.346084594726562, 77.7588882446289, -11.95006275177002 ---> 0: 1 0: 0, 0: 0, 0: 0
		0, 74.69876098632812, -17.24222183227539 ---> 0: 1 0: 0, 0: 0, 0: 0
		0, 99.03741455078125, -20.233177185058594 ---> 0: 1 0: 0, 0: 0, 0: 0
		12.95254898071289, 99.17726135253906, -19.139204025268555 ---> 0: 1 0: 0, 0: 0, 0: 0
		18.525320053100586, 99.39607238769531, -5.38942813873291 ---> 0: 0.9999999403953552 1: 5.9604641222676946e-8, 0: 0, 0: 0
		14.45202922821045, 99.61073303222656, 4.358175754547119 ---> 0: 1 0: 0, 0: 0, 0: 0
		0, 99.01737213134766, 9.949365615844727 ---> 0: 1 0: 0, 0: 0, 0: 0
		-18.984601974487305, 77.08208465576172, 6.402498245239258 ---> 0: 1 0: 0, 0: 0, 0: 0
